1739742163 7.00 3 39
1739777424 7.00 3 39
1739863780 59.00 1054 1765
1739950254 80.00 3784 4695
1740036618 80.00 3781 4695
1740123036 80.00 3782 4695
1740209355 80.00 3780 4701
1740295810 80.00 3782 4701
1740382253 80.00 3780 4701
1740468717 75.00 3780 5036
1740555079 75.00 3782 5036
1740641462 75.00 3782 5036
1740727872 75.00 3784 5036
1740814203 75.00 3780 5036
1740900548 75.00 3782 5036
1740987137 75.00 3782 5036
1741073552 75.00 3782 5036
1741159994 75.00 3782 5036
1741246399 75.00 3779 5036
1741332673 75.00 3782 5036
1741418868 75.00 3782 5036
1741505172 75.00 3780 5036
